3.150936509748284
1.9235759837700812
1.613495995048389
1.4186289804236254
1.2841613401527698
1.1697801869992894
1.077941679664729
0.9979245899542446
0.9318209930369915
0.8665342368162384
0.8179347277322221
0.7681756121011669
0.7338329739509696
0.6932998260824738
0.6645574063715776
0.6314264853795369
0.6052046323983886
0.5854349400292547
0.5616692909827599
0.543475610610597
0.5256808133358414
0.5075666871217666
0.4982993424261339
0.4790789412136415
0.46579672999765315
0.4612543701120769
0.4442906514356177
0.4340139744021795
0.4247572704714686
0.4175658983829313
0.4080923707623118
0.40325904700466486
0.389559096170925
0.389014600406532
0.38050816093169326
0.3780696559180787
0.37213459937069665
0.36453062762237676
0.3578533437110635
0.34919164113276663
0.34695889261365204
0.34618137273906063
0.33873714058652615
0.34056748213784716
0.3303379649960913
0.3217315462929959
0.3241384809568859
0.32295786098138896
0.321682320373757
0.31517473393298434
0.30882159637300644
0.3052715760402275
0.30575012298921084
0.30850461413534347
0.30333026454808515
0.2980003849841954
0.2927709055183816
0.2902434899124572
0.2909176114796217
0.29178152723020884
0.2796433848202382
0.28698760052241745
0.2842674612903773
0.27680039660931266
0.2759797532729148
0.2774028446831727
0.27403515942580486
0.2659479970026012
0.270443720563092
0.2691671799454204
0.264347093013934
0.26369166380050135
0.26138934319608015
0.26342664902801577
0.2577667105960482
0.2538709989365409
0.25343690490238246
0.25160348583067355
0.2509705249368536
0.2542818990146434
0.2517961886393211
0.24634262315394154
0.2511873440275111
0.24282681580582355
0.24683191728416345
0.2489077723594241
0.23463639996297378
0.23844552430007865
0.24209522069447129
0.23702904604287445
0.24165656396970595
0.23999180938926568
0.23650986199811658
0.2284312478335322
0.22857424431934023
0.232840566976863
0.2330630859881494
0.23157034296578433
0.22606652809452243
0.22812136382396023
