[0.26647147546801525]
[0.3674563037884837]
[0.4310354005855736]
[0.45963978351521606]
[0.503007718924674]
[0.5345399698340875]
[0.5614586105935587]
[0.5887676337503327]
[0.6114098127938958]
[0.6384349214799042]
[0.6614319936119244]
[0.6712447875077633]
[0.6931062017567208]
[0.7078165202732677]
[0.7287552124922367]
[0.7298021471031851]
[0.7484162895927602]
[0.7539348771182681]
[0.7627894596752728]
[0.7763818649631798]
[0.7827167065921391]
[0.7853606601011446]
[0.7896371218170526]
[0.8040635258628338]
[0.8081093070712448]
[0.8126874279123414]
[0.8209564368733919]
[0.8212580959985805]
[0.8262620885458256]
[0.8318871439978707]
[0.8364475201845444]
[0.8365184988022358]
[0.8427823618135036]
[0.8439889983142578]
[0.8495608198030343]
[0.851317540590897]
[0.8498802235826457]
[0.8624966728772957]
[0.8568538727708278]
[0.8647147546801526]
[0.8664004968503238]
[0.8695235560287463]
[0.8643776062461184]
[0.8673054742258894]
[0.8772602253571111]
[0.8783071599680596]
[0.877402182592494]
[0.8762132907461627]
[0.8834353650962647]
[0.8865406796202644]
[0.8850678733031674]
[0.8918108419838524]
[0.889645994144264]
[0.8897524620708012]
[0.8917576080205838]
[0.8861857865318072]
[0.8911365451157839]
[0.8946854760003549]
[0.8981634282672345]
[0.8945435187649721]
[0.8978440244876231]
[0.8982698961937716]
[0.9020849968946855]
[0.9049241416023422]
[0.8998669150918286]
[0.9044982698961938]
[0.9057049063969479]
[0.9050483541833023]
[0.9046579717859995]
[0.9099281341495874]
[0.9084198385236447]
[0.9090763907372904]
[0.909236092627096]
[0.9096974536420903]
[0.9140448939756898]
[0.91218170526129]
[0.9111347706503415]
[0.9128737467837814]
[0.9129802147103185]
[0.9141691065566498]
[0.9179664626031409]
[0.9167775707568095]
[0.9154467216750953]
[0.9157128914914382]
[0.9215331381421347]
[0.9194570135746606]
[0.9201313104427291]
[0.9198473959719634]
[0.9189956525596664]
[0.9188891846331293]
[0.9171679531541124]
[0.9180196965664094]
[0.9237157306361459]
[0.9219767545027061]
[0.9244787507763287]
[0.9250820690267058]
[0.9223139029367403]
[0.9265903646526484]
[0.9280631709697453]
[0.9227575192973116]
